[settings]
client = classic, retail
game directory = /usr/local/games/world-of-warcraft/drive_c/World of Warcraft/

[retail]
undermine-journal = 1594573029.7018225
raiderio = 1594573029.7067463
advancedinterfaceoptions = 1594573029.697695
advanced-tooltips = 1594573032.086887
azeritepowerweights = 1594573033.875545
azeritetooltip = 1594573031.4118552
battlegroundenemies = 1594573031.143808
bigdebuffs = 1594573031.1060047
big-wigs = 1594573037.8330693
blizzmove = 1594573031.4480348
dejacharacterstats = 1594573031.7437036
details = 1594573033.3985596
ealign-updated = 1594573031.061785
easy-frames = 1594573031.6331637
faster-loot = 1594573029.715238
gladiatorlossa2 = 1594573030.9596336
grid2 = 1594573036.7524147
handynotes = 1594573032.72671
tomcats-tours-mechagon = 1594573032.4949102
immersion = 1594573033.0113308
little-wigs = 1594573034.6238256
map-coords = 1594573032.8039613
mythic-dungeon-tools = 1594573037.1679907
nameplate-scrolling-combat-text = 1594573034.1449506
omnibar = 1594573037.1860197
omni-cc = 1594573034.52
prat-3-0 = 1594573034.7139933
premade-filter = 1594573034.5017555
premade-groups-filter = 1594573034.473238
range-display = 1594573034.8513331
sarena = 1594573034.409335
scrap = 1594573034.965119
sexymap = 1594573035.3455215
simulationcraft = 1594573035.5710523
spy = 1594573036.735474
stat-weight-score = 1594573035.1351433
tidy-plates-threat-plates = 1594573037.9304829
trufigcd = 1594573037.4977787
weakauras-2 = 1594573036.9652245
world-quest-tracker = 1594573036.8451262
angry-assignments = 1594573036.8941312

[classic]
questie = 1594573029.6667504
censusplusclassic = 1594573029.6868691
whats-training = 1594573029.6872673
details = 1594573029.6891696
classiccastbars = 1594573029.6756096
classicthreatmeter = 1594573029.6624825
real-mob-health
weakauras-2 = 1594573029.7111788
bartender4 = 1594573029.6791825
leatrix-maps-classic = 1594573029.6741307
prat-3-0 = 1594573029.69801
sexymap = 1594573029.6834736
weaponswingtimer = 1594573029.664632

