[settings]
client = classic, retail
game directory = /Applications/World of Warcraft/

[retail]
undermine-journal = 1593165940.1878579
raiderio = 1593165940.179059
advancedinterfaceoptions = 1593165940.196966
advanced-tooltips = 1593165940.16621
azeritepowerweights = 1593165940.210572
azeritetooltip = 1593165940.162265
battlegroundenemies = 1593165940.160058
bigdebuffs = 1593165940.2166321
big-wigs = 1593165940.206413
blizzmove = 1593165940.206333
dejacharacterstats = 1593165940.205272
details = 1593165940.198967
ealign-updated = 1593165940.205184
easy-frames = 1593165940.2300348
faster-loot = 1593165940.172298
gladiatorlossa2 = 1593165940.157283
grid2 = 1593165943.0960882
handynotes = 1593165942.1280131
tomcats-tours-mechagon = 1593165942.365246
immersion = 1593165941.8422039
little-wigs = 1593165941.927954
map-coords = 1593165941.900266
method-dungeon-tools = 1593165943.241121
nameplate-scrolling-combat-text = 1593165941.7690911
omnibar = 1593165943.477314
omni-cc = 1593165942.6931798
prat-3-0 = 1593165944.643917
premade-filter = 1593165943.084607
premade-groups-filter = 1593165944.3345861
range-display = 1593165945.0792582
sarena = 1593165944.05071
scrap = 1593165945.577101
sexymap = 1593165944.800596
simulationcraft = 1593165945.530071
spy = 1593165945.424744
stat-weight-score = 1593165944.831243
tidy-plates-threat-plates = 1593165945.610132
trufigcd = 1593165944.839704
weakauras-2 = 1593165946.242395
world-quest-tracker = 1593165946.210512
angry-assignments = 1593165945.647145

