[settings]
version = retail
game directory = /usr/local/games/world-of-warcraft/drive_c/World of Warcraft

[retail]
advancedinterfaceoptions = 1569795482.8116484
advanced-tooltips = 1569795482.8119183
azeritepowerweights = 1569795482.8176196
azeritetooltip = 1569795482.8034468
battlegroundenemies = 1569795482.8179848
bigdebuffs = 1569795482.817856
big-wigs = 1569795482.8191218
blizzmove = 1569795484.8060389
dejacharacterstats = 1569795482.8163798
details = 1569795482.8189182
ealign-updated = 1569795482.804014
easy-frames = 1569795482.819146
faster-loot = 1569795482.811031
gladiatorlossa2 = 1569795482.8040755
grid2 = 1569795482.8246684
handynotes = 1569795482.810515
tomcats-tours-mechagon = 1569795482.8245864
immersion = 1569795484.6069536
little-wigs = 1569795484.2783666
map-coords = 1569795484.5370023
method-dungeon-tools = 1569795484.7401965
nameplate-scrolling-combat-text = 1569795484.698028
omnibar = 1569795484.5829566
omni-cc = 1569795485.1775515
prat-3-0 = 1569795484.921561
premade-filter = 1569795484.7975507
premade-groups-filter = 1569795485.2693293
raiderio = 1569795485.0214844
range-display = 1569795485.384607
sarena = 1569795484.7266243
scrap = 1569795486.7729447
sexymap = 1569795486.8841233
simulationcraft = 1569795487.2112412
spy = 1569795487.2058735
stat-weight-score = 1569795486.535328
tidy-plates-threat-plates = 1569795487.2281983
trufigcd = 1569795487.1079218
undermine-journal = 1569795487.2709324
weakauras-2 = 1569795487.488879
world-quest-tracker = 1569795487.1082177
angry-assignments = 1569795487.3918912

[classic]
atlas
atlas-classicwow
classicauradurations
classiccastbars
classiccodex
classicthreatmeter
details
enhanced-world-map-for-wow-classic
inflight-taxi-timer
itemrack-classic
leatrix-maps-classic
leatrix-plus-classic
perl-classic-unit-frames
real-mob-health
titan-panel-classic
weaponswingtimer
whats-training
zperl

