[settings]
version = classic
game directory = /usr/local/games/world-of-warcraft/drive_c/World of Warcraft

[retail]
advancedinterfaceoptions = 1569792017.312212
advanced-tooltips = 1569792017.300731
azeritepowerweights = 1569792017.3121972
azeritetooltip = 1569792017.300457
battlegroundenemies = 1569792017.3018692
bigdebuffs = 1569792017.3125615
big-wigs = 1569792017.3177862
blizzmove = 1569792017.3087547
dejacharacterstats = 1569792017.3148303
details = 1569792017.306005
ealign-updated = 1569792017.3018038
easy-frames = 1569792017.317605
faster-loot = 1569792017.3001575
gladiatorlossa2 = 1569792017.301706
grid2 = 1569792017.3130271
handynotes = 1569792017.3176432
tomcats-tours-mechagon = 1569792018.9604344
immersion = 1569792018.7249405
little-wigs = 1569792021.048132
map-coords = 1569792018.9857805
method-dungeon-tools = 1569792019.6722622
nameplate-scrolling-combat-text = 1569792019.1349707
omnibar = 1569792019.1487424
omni-cc = 1569792019.662279
prat-3-0 = 1569792019.4458678
premade-filter = 1569792019.9683185
premade-groups-filter = 1569792019.9057648
raiderio = 1569792019.6895642
range-display = 1569792019.805161
sarena = 1569792018.9982169
scrap = 1569792019.9682608
sexymap = 1569792021.239758
simulationcraft = 1569792021.3344839
spy = 1569792021.0580246
stat-weight-score = 1569792021.0798976
tidy-plates-threat-plates = 1569792021.2455816
trufigcd = 1569792021.2388155
undermine-journal = 1569792021.3762412
weakauras-2 = 1569792021.7815292
world-quest-tracker = 1569792021.8864145
angry-assignments = 1569792021.605864

[classic]
atlas = 1569792173.556179
atlas-classicwow = 1569792173.5706074
classicauradurations = 1569792173.5707493
classiccastbars = 1569792173.564561
classiccodex = 1569792173.5523953
classicthreatmeter = 1569792173.5551147
details = 1569792173.5646422
enhanced-world-map-for-wow-classic = 1569792173.554975
inflight-taxi-timer = 1569792173.55473
itemrack-classic = 1569792173.5545788
leatrix-maps-classic = 1569792173.5706255
leatrix-plus-classic = 1569792173.555649
perl-classic-unit-frames = 1569792173.564604
real-mob-health = 1569792173.5562027
titan-panel-classic = 1569792173.5683715
weaponswingtimer = 1569792173.562765
whats-training = 1569792174.8211164
zperl = 1569792174.8198104

